seq_001	gi|944333852|ref|XM_014517705.1|	100.00	801	0	0	1	801	670	1470	0.0	1546
seq_002	gi|557267513|ref|XM_006019073.1|	100.00	543	0	0	1	543	94	636	0.0	1076
seq_003	gi|944345179|ref|XM_014521276.1|	100.00	1011	0	0	1	1011	655	1665	0.0	1957
seq_004	gi|944354774|ref|XM_006032943.2|	100.00	990	0	0	3	992	1	990	0.0	1921
seq_005	gi|944338177|ref|XM_006021853.2|	100.00	1206	0	0	1	1206	4	1209	0.0	2302
seq_006	gi|944349514|ref|XM_006029454.2|	100.00	1590	0	0	1	1590	1	1590	0.0	3152
seq_007	gi|944346636|ref|XM_006027510.2|	100.00	1488	0	0	1	1488	1	1488	0.0	2950
seq_008	gi|944333852|ref|XM_014517705.1|	100.00	583	0	0	1	583	638	1220	0.0	1156
seq_009	gi|944356686|ref|XM_014524977.1|	100.00	573	0	0	1	573	555	1127	0.0	1136
seq_010	gi|944335285|ref|XM_014518181.1|	97.61	838	20	0	490	1327	60	897	0.0	1461
seq_011	gi|944346636|ref|XM_006027510.2|	100.00	992	0	0	1	992	263	1254	0.0	1966
seq_012	gi|557330771|ref|XM_006038190.1|	100.00	960	0	0	1	960	1	960	0.0	1903
seq_013	gi|944361973|ref|XM_006037607.2|	100.00	1083	0	0	1	1083	451	1533	0.0	2147
seq_014	gi|944362531|ref|XM_014526948.1|	100.00	493	0	0	1	493	404	896	0.0	 977
seq_015	gi|944333852|ref|XM_014517705.1|	100.00	744	0	0	1	744	226	969	0.0	1475
seq_016	gi|944344310|ref|XM_006025988.2|	100.00	496	0	0	1	496	141	636	0.0	 983
seq_017	gi|944346637|ref|XM_006027511.2|	100.00	1659	0	0	1	1659	1	1659	0.0	3289
seq_018	gi|944361973|ref|XM_006037607.2|	100.00	2199	0	0	1	2199	378	2576	0.0	4359
seq_019	gi|944333852|ref|XM_014517705.1|	100.00	583	0	0	224	806	25	607	0.0	1156
seq_020	gi|944346035|ref|XM_006027133.2|	100.00	1389	0	0	1	1389	996	2384	0.0	2753
seq_021	gi|944355963|ref|XM_014524741.1|	99.72	1062	0	1	1	1062	1	1059	0.0	2077
seq_022	gi|944327146|ref|XM_014517202.1|	100.00	91	0	0	96	186	341	431	5e-45	 180
seq_023	gi|557320508|ref|XM_006033331.1|	100.00	549	0	0	1	549	147	695	0.0	1088
seq_024	gi|557298333|ref|XM_006031383.1|	100.00	124	0	0	1	124	1	124	6e-65	 246
seq_025	gi|944327296|ref|XM_014517715.1|	100.00	39	0	0	272	310	47	85	9e-14	77.8
seq_026	gi|557298333|ref|XM_006031383.1|	100.00	134	0	0	1	134	508	641	7e-71	 266
seq_027	gi|944338897|ref|XM_006022344.2|	100.00	2391	0	0	1	2391	574	2964	0.0	4698
seq_028	gi|944355963|ref|XM_014524741.1|	99.32	444	0	1	1	444	621	1061	0.0	 852
seq_029	gi|944353339|ref|XM_006031989.2|	100.00	620	0	0	1	620	536	1155	0.0	1229
seq_030	gi|944362531|ref|XM_014526948.1|	100.00	1938	0	0	1	1938	714	2651	0.0	3336
seq_031	gi|944344310|ref|XM_006025988.2|	100.00	413	0	0	394	806	774	1186	0.0	 819
seq_032	gi|557319796|ref|XM_006032991.1|	100.00	372	0	0	1	372	1	372	0.0	 737
seq_033	gi|944362531|ref|XM_014526948.1|	100.00	341	0	0	32	372	1	341	0.0	 676
seq_034	gi|557267554|ref|XM_006019091.1|	100.00	1889	0	0	1	1889	1	1889	0.0	3703
seq_035	gi|944356686|ref|XM_014524977.1|	100.00	1687	0	0	20	1706	139	1825	0.0	3261
seq_036	gi|557260416|ref|XM_006015790.1|	100.00	552	0	0	1	552	622	1173	0.0	1094
seq_037	gi|944335275|ref|XM_014518176.1|	100.00	908	0	0	2462	3369	887	1794	0.0	1800
seq_038	gi|557330771|ref|XM_006038190.1|	100.00	1054	0	0	1	1054	1	1054	0.0	2089
seq_039	gi|944345181|ref|XM_006026584.2|	100.00	868	0	0	1	868	7	874	0.0	1721
seq_040	gi|944345179|ref|XM_014521276.1|	100.00	789	0	0	1	789	45	833	0.0	1564
seq_041	gi|944346035|ref|XM_006027133.2|	100.00	354	0	0	19	372	22	375	0.0	 702
seq_042	gi|557319796|ref|XM_006032991.1|	100.00	770	0	0	1	770	1	770	0.0	1526
seq_043	gi|944339441|ref|XM_006022648.2|	100.00	651	0	0	1	651	426	1076	0.0	1291
seq_044	gi|557295517|ref|XM_006030093.1|	100.00	640	0	0	1	640	1	640	0.0	1227
seq_045	gi|944327296|ref|XM_014517715.1|	100.00	342	0	0	1	342	272	613	0.0	 678
seq_046	gi|944338177|ref|XM_006021853.2|	100.00	248	0	0	1	248	540	787	3e-124	 444
seq_047	gi|944333854|ref|XM_006019089.2|	100.00	558	0	0	1	558	174	731	0.0	1106
seq_048	gi|944335285|ref|XM_014518181.1|	97.61	838	20	0	242	1079	60	897	0.0	1461
seq_049	gi|557260416|ref|XM_006015790.1|	100.00	496	0	0	1	496	64	559	0.0	 983
seq_050	gi|944355260|ref|XM_014524497.1|	100.00	1328	0	0	1	1328	456	1783	0.0	2633
seq_051	gi|557260416|ref|XM_006015790.1|	100.00	682	0	0	1	682	1	682	0.0	1352
seq_052	gi|944327143|ref|XM_006014925.2|	100.00	372	0	0	1	372	217	588	0.0	 737
seq_053	gi|944345181|ref|XM_006026584.2|	100.00	1170	0	0	4	1173	1	1170	0.0	2319
seq_054	gi|944335285|ref|XM_014518181.1|	100.00	372	0	0	1	372	3	374	0.0	 737
seq_055	gi|944356688|ref|XM_006034248.2|	100.00	1227	0	0	14	1240	1	1227	0.0	2349
seq_056	gi|944345181|ref|XM_006026584.2|	100.00	372	0	0	1	372	1	372	0.0	 737
seq_057	gi|944355260|ref|XM_014524497.1|	100.00	279	0	0	94	372	53	331	7e-157	 553
seq_058	gi|944339441|ref|XM_006022648.2|	100.00	1488	0	0	1	1488	17	1504	0.0	2950
seq_059	gi|944354774|ref|XM_006032943.2|	100.00	2285	0	0	1	2285	1177	3461	0.0	4530
seq_060	gi|944353339|ref|XM_006031989.2|	100.00	930	0	0	1	930	178	1107	0.0	1844
seq_061	gi|557295517|ref|XM_006030093.1|	100.00	2316	0	0	1	2316	683	2998	0.0	4549
seq_062	gi|944354774|ref|XM_006032943.2|	100.00	2666	0	0	1	2666	294	2959	0.0	5285
seq_063	gi|944338897|ref|XM_006022344.2|	100.00	2471	0	0	1	2471	494	2964	0.0	4857
seq_064	gi|944338176|ref|XM_006021852.2|	100.00	1030	0	0	1	1030	1	1030	0.0	1953
seq_065	gi|944336159|ref|XM_014518462.1|	100.00	2852	0	0	1	2852	1	2852	0.0	5576
seq_066	gi|944349514|ref|XM_006029454.2|	100.00	372	0	0	1	372	1	372	0.0	 737
