1 102367922 1 145
2 102367922 311 501
3 102367922 889 949
4 102367922 1279 1397
5 102367922 1743 1856
6 102367922 2125 2274
7 102367922 2360 2402
8 102367922 2610 3487
1 102368811 31050 31872
2 102368811 29012 29132
3 102368811 24954 25445
4 102368811 24410 24527
5 102368811 20714 20845
6 102368811 20714 20845
7 102368811 4863 5001
1 102370025 1 70
2 102370025 2185 2278
3 102370025 2759 2816
4 102370025 3423 3495
5 102370025 3750 3847
6 102370025 4238 4302
7 102370025 5036 5095
8 102370025 5511 7543
1 102370667 37410 37657
2 102370667 35954 36115
3 102370667 34589 34728
4 102370667 33789 34005
5 102370667 30244 30350
6 102370667 28875 29003
7 102370667 27497 27636
8 102370667 25767 25974
9 102370667 24218 24430
10 102370667 23102 23252
11 102370667 22416 22627
12 102370667 19718 19858
13 102370667 18742 18881
14 102370667 17500 17665
15 102370667 15899 16153
16 102370667 14667 14840
17 102370667 13970 14182
18 102370667 8680 8924
19 102370667 1 200
1 102371445 13444 15587
2 102371445 7581 7752
3 102371445 6559 6666
4 102371445 4740 4837
5 102371445 3079 3198
6 102371445 1 124
1 102371719 1 195
2 102371719 927 1073
3 102371719 2165 2290
4 102371719 3123 3384
1 102373181 15255 15576
2 102373181 15061 15222
3 102373181 13476 13598
4 102373181 13473 13598
5 102373181 13236 13382
6 102373181 13236 13382
7 102373181 2664 2957
8 102373181 2277 2402
9 102373181 1872 2018
10 102373181 24 341
11 102373181 5 341
12 102373181 1 341
1 102373260 14088 14303
2 102373260 11165 11300
3 102373260 9352 9528
4 102373260 7694 7778
5 102373260 6634 6780
6 102373260 5657 5835
7 102373260 3934 4086
8 102373260 2708 2895
9 102373260 1524 1666
10 102373260 796 977
11 102373260 1 244
1 102373399 6467 7248
2 102373399 4477 4585
3 102373399 3394 3894
4 102373399 521 641
5 102373399 1 172
1 102373916 1 233
2 102373916 14955 17719
9 102374239 42400 43385
10 102374239 41688 42209
12 102374239 39844 39942
13 102374239 39844 39942
16 102374239 37622 37707
17 102374239 37622 37707
19 102374239 36744 36827
21 102374239 27722 27796
23 102374239 21892 21966
25 102374239 17536 17632
27 102374239 11855 11938
29 102374239 10982 11071
1 102375451 1 63
2 102375451 2433 2559
3 102375451 2765 2815
4 102375451 4493 4589
5 102375451 5361 5496
6 102375451 5583 5666
7 102375451 6119 6207
8 102375451 6550 6605
9 102375451 7380 7467
10 102375451 8732 8818
11 102375451 9529 9658
12 102375451 10903 12057
1 102375887 6066 6298
2 102375887 5454 5616
3 102375887 3071 3339
4 102375887 2645 2809
5 102375887 2282 2461
6 102375887 1674 1858
7 102375887 1281 1485
8 102375887 1065 1100
9 102375887 880 963
1 102375964 1 656
2 102375964 16140 16625
3 102375964 16140 16877
4 102375964 35383 35531
5 102375964 40109 40240
6 102375964 40692 40779
7 102375964 42218 42437
8 102375964 44319 49764
1 102376273 33713 34097
2 102376273 33254 33313
3 102376273 32688 32852
4 102376273 31476 31583
5 102376273 27906 28004
6 102376273 25736 25842
7 102376273 24558 24692
8 102376273 16373 16521
9 102376273 15855 15974
10 102376273 15855 15974
12 102376273 11322 11439
13 102376273 7626 7649
15 102376273 1 180
1 102378123 43853 44119
2 102378123 41622 41784
3 102378123 39852 39991
4 102378123 35986 36205
5 102378123 34314 34420
6 102378123 33218 33349
7 102378123 20589 20728
8 102378123 19711 19924
9 102378123 16852 17064
10 102378123 16367 16517
11 102378123 14781 14992
12 102378123 14034 14165
13 102378123 12722 12854
14 102378123 11047 11215
15 102378123 10178 10432
16 102378123 9582 9761
17 102378123 8467 8679
18 102378123 6306 6550
19 102378123 2935 3144
1 102378894 2601 2778
2 102378894 2958 3144
3 102378894 3481 3509
4 102378894 3541 3676
5 102378894 4644 4725
6 102378894 5057 5218
7 102378894 6109 6215
8 102378894 6451 6812
9 102378894 1 46
1 102381414 1 249
2 102381414 2279 2456
3 102381414 6494 6637
4 102381414 8313 8423
5 102381414 10375 10516
6 102381414 13208 13426
7 102381414 19090 19194
8 102381414 20473 21104
1 102381974 1 120
2 102381974 3196 3280
3 102381974 9670 9769
4 102381974 11923 12079
5 102381974 13662 13801
6 102381974 13909 14003
7 102381974 15283 15409
8 102381974 16804 16996
9 102381974 17435 17606
10 102381974 18634 18867
11 102381974 20629 20713
12 102381974 20926 20985
13 102381974 25121 25231
14 102381974 26415 26551
15 102381974 27354 27561
16 102381974 30031 30143
17 102381974 31267 31384
18 102381974 31474 31845
19 102381974 31474 31845
20 102381974 33092 33322
21 102381974 33092 33322
22 102381974 34192 34440
23 102381974 35241 35474
24 102381974 35856 36121
25 102381974 37089 37140
26 102381974 37998 38207
27 102381974 38912 38984
28 102381974 39742 39821
29 102381974 40264 40365
30 102381974 43993 44148
31 102381974 44635 44832
32 102381974 45282 45455
33 102381974 50459 50619
34 102381974 51541 51619
35 102381974 54913 54977
36 102381974 55216 55599
1 102382988 68831 69155
2 102382988 65987 66111
3 102382988 169859 169929
4 102382988 1 124
5 102382988 88421 88545
1 102383435 77452 78527
2 102383435 70914 71133
3 102383435 68377 68464
4 102383435 67227 67358
5 102383435 62547 64015
6 102383435 57225 57395
7 102383435 40039 41424
8 102383435 36689 37584
9 102383435 17241 18126
10 102383435 17239 18126
11 102383435 1 848
1 102383483 5581 5937
2 102383483 3957 4082
3 102383483 2040 2186
4 102383483 1 257
4 102384511 1223 1380
5 102384511 2203 2351
6 102384511 2977 3125
7 102384511 5434 5553
8 102384511 6425 6511
9 102384511 6703 7456
1 102385151 4761 5057
2 102385151 4486 4552
3 102385151 4080 4180
4 102385151 3177 3314
5 102385151 2773 2934
6 102385151 2019 2216
7 102385151 1839 1901
8 102385151 1605 1684
9 102385151 1309 1421
10 102385151 1 86
1 102385570 19254 20473
2 102385570 18980 19066
3 102385570 18394 18447
4 102385570 18024 18143
5 102385570 15506 15544
6 102385570 14904 15017
7 102385570 13634 13709
8 102385570 11213 11290
9 102385570 6568 6645
10 102385570 5325 5380
11 102385570 5178 5227
12 102385570 4326 4398
13 102385570 1394 1447
14 102385570 1 480
1 102385770 1 22
2 102385770 94 390
3 102385770 820 1009
4 102385770 1497 1969
5 102385770 2426 2534
6 102385770 3258 3411
7 102385770 4369 4499
8 102385770 5267 5402
9 102385770 5885 6756
1 102387963 1 93
2 102387963 1040 1201
3 102387963 1310 1399
4 102387963 1532 1663
5 102387963 1738 1982
